%YAML:1.0
calibration_time: "08/10/13 22:20:27"
image_width: 1280
image_height: 720
board_width: 8
board_height: 6
square_size: 3.9999999105930328e-002
flags: 0
camera_matrix: !!opencv-matrix
   rows: 3
   cols: 3
   dt: d
   data: [ 9.7854049943656389e+002, 0., 6.2949642965494229e+002, 0.,
       9.8213827046457686e+002, 3.3810717375337316e+002, 0., 0., 1. ]
distortion_coefficients: !!opencv-matrix
   rows: 5
   cols: 1
   dt: d
   data: [ -2.3685962383822690e-002, 1.1837433673175932e-001,
       -4.2318105183309970e-003, 1.1205466853504342e-003,
       -3.9558721262710722e-001 ]
avg_reprojection_error: 8.4873479000684560e-001
