%YAML:1.0
calibration_time: "08/20/13 14:30:50"
projector_width: 800
projector_height: 600
pattern_offset: 50
pattern_gap: 80
pattern_size: 20
projector_matrix: !!opencv-matrix
   rows: 3
   cols: 3
   dt: d
   data: [ 1.4717434981179420e+003, 0., 4.1862335898913102e+002, 0.,
       1.4759710874616419e+003, 6.4799853888589485e+002, 0., 0., 1. ]
distortion_coefficients: !!opencv-matrix
   rows: 5
   cols: 1
   dt: d
   data: [ -1.0733722792555909e-001, 1.4135162046235331e-001,
       -2.8400058810416750e-003, 2.9475911570343832e-003,
       -1.3186210059932121e-001 ]
rvec: !!opencv-matrix
   rows: 3
   cols: 1
   dt: d
   data: [ -2.7819031472846551e-002, -2.1094723321320444e-001,
       -6.7610272286627665e-002 ]
tvec: !!opencv-matrix
   rows: 3
   cols: 1
   dt: d
   data: [ -4.8568240113284750e-001, -2.9924249841050832e-001,
       6.8798255673117648e-001 ]
