%YAML:1.0
camera_matrix: !!opencv-matrix
   rows: 3
   cols: 3
   dt: d
   data: [ 1471.743498117942, 0, 418.623358989131,
           0, 1475.971087461642, 647.9985388858949,
           0, 0, 1 ]
distortion_coefficients: !!opencv-matrix
   rows: 5
   cols: 1
   dt: d
   data: [ -0.1073372279255591, 0.1413516204623533, -0.002840005881041675, 0.002947591157034383, -0.1318621005993212 ]
